./images/202003_511010063983_20200221_095245_51101_TN01.jpg 214,190,97,162,1
./images/202003_511010064036_20200221_095650_51101_TN01.jpg 226,272,69,235,1
./images/202003_511010064044_20200221_095711_51101_TN01.jpg 309,223,105,165,1
./images/202003_511010064069_20200221_095836_51101_TN01.jpg 281,328,215,316,1
./images/202003_511010064077_20200221_095903_51101_TN01.jpg 170,199,52,177,1
./images/202003_511010064085_20200221_100051_51101_TN01.jpg 260,241,125,210,1
./images/202003_511010064093_20200221_100341_51101_TN01.jpg 223,64,133,48,1
./images/202003_511010064107_20200221_100836_51101_TN01.jpg 262,531,149,503,1
./images/202003_511010064131_20200221_101515_51101_TN01.jpg 201,377,85,355,1
./images/202003_511010064149_20200221_101613_51101_TN01.jpg 253,255,100,215,1
./images/202003_511010064172_20200221_101723_51101_TN01.jpg 129,455,84,445,1
./images/202003_511010064180_20200221_102006_51101_TN01.jpg 218,174,154,157,1
./images/202003_511010064314_20200221_115827_51101_TN01.jpg 265,235,192,219,1
./images/202003_511010064322_20200221_120215_51101_TN01.jpg 272,225,55,182,1
./images/202003_511010064348_20200221_121339_51101_TN01.jpg 403,271,42,196,1
./images/202003_511010064355_20200221_142325_51101_TN01.jpg 198,191,45,151,1
./images/202003_511010064389_20200221_121824_51101_TN01.jpg 281,353,114,323,1
./images/202003_511010064397_20200221_123050_51101_TN01.jpg 289,321,141,285,1
./images/202003_511010064400_20200221_123750_51101_TN01.jpg 278,197,184,170,1
./images/202003_511010064418_20200221_124015_51101_TN01.jpg 322,361,19,271,1
./images/202003_511010064426_20200221_141840_51101_TN01.jpg 296,110,181,78,1
./images/202003_511010064434_20200221_124142_51101_TN01.jpg 266,296,114,256,1
./images/202003_511010064442_20200221_124225_51101_TN01.jpg 273,223,75,179,1
./images/202003_511010064491_20200221_125056_51101_TN01.jpg 247,270,183,258,1
./images/202003_511010064505_20200221_125453_51101_TN01.jpg 301,99,164,56,1
./images/202003_511010064513_20200221_125922_51101_TN01.jpg 211,249,147,235,1
./images/202003_511010064521_20200221_125741_51101_TN01.jpg 364,301,107,239,1
./images/202003_511010064539_20200221_130228_51101_TN01.jpg 328,363,139,321,1
./images/202003_511010064547_20200221_130344_51101_TN01.jpg 255,463,135,429,1
./images/202003_511010064554_20200221_130413_51101_TN01.jpg 300,132,144,92,1
./images/202003_511010064570_20200221_131526_51101_TN01.jpg 220,115,135,93,1
./images/202003_511010064588_20200221_131550_51101_TN01.jpg 247,167,169,145,1
./images/202003_511010064596_20200221_131651_51101_TN01.jpg 292,158,206,126,1
./images/202003_511010064609_20200221_131844_51101_TN01.jpg 251,346,107,310,1
./images/202003_511010064617_20200221_131924_51101_TN01.jpg 281,148,85,104,1
./images/202003_511010064633_20200221_132601_51101_TN01.jpg 244,351,114,313,1
./images/202003_511010064641_20200221_132944_51101_TN01.jpg 262,271,106,229,1
./images/202003_511010064658_20200221_133144_51101_TN01.jpg 229,306,68,258,1
./images/202003_511010064666_20200221_133210_51101_TN01.jpg 256,274,63,230,1
./images/202003_511010064682_20200221_133421_51101_TN01.jpg 255,326,95,286,1
./images/202003_511010064690_20200221_133341_51101_TN01.jpg 307,278,44,210,1
./images/202003_511010064704_20200221_133319_51101_TN01.jpg 307,252,123,200,1
./images/202003_511010064712_20200221_133127_51101_TN01.jpg 298,309,91,255,1
./images/202003_511010064738_20200221_132035_51101_TN01.jpg 297,284,96,232,1
./images/202003_511010064746_20200221_132007_51101_TN01.jpg 226,171,139,149,1
./images/202003_511010064753_20200221_131814_51101_TN01.jpg 274,241,109,195,1
./images/202003_511010064761_20200221_131746_51101_TN01.jpg 258,313,66,263,1
./images/202003_511010064779_20200221_131711_51101_TN01.jpg 252,351,147,320,1
./images/202003_511010064787_20200221_131621_51101_TN01.jpg 223,258,167,241,1
./images/202003_511010064816_20200221_131448_51101_TN01.jpg 297,182,186,149,1
./images/202003_511010064824_20200221_130940_51101_TN01.jpg 320,364,175,320,1
./images/202003_511010064832_20200221_130521_51101_TN01.jpg 291,291,120,244,1
./images/202003_511010064840_20200221_130441_51101_TN01.jpg 321,412,97,352,1
./images/202003_511010064865_20200221_130322_51101_TN01.jpg 262,327,115,289,1
./images/202003_511010064873_20200221_130254_51101_TN01.jpg 259,400,30,356,1
./images/202003_511010064881_20200221_130211_51101_TN01.jpg 207,364,45,324,1
./images/202003_511010064899_20200221_130142_51101_TN01.jpg 241,419,99,385,1
./images/202003_511010064903_20200221_130117_51101_TN01.jpg 235,217,171,198,1
./images/202003_511010064911_20200221_130019_51101_TN01.jpg 236,250,35,202,1
./images/202003_511010064937_20200221_125136_51101_TN01.jpg 262,252,86,202,1
./images/202003_511010064945_20200221_141654_51101_TN01.jpg 277,178,130,132,1
./images/202003_511010064952_20200221_141333_51101_TN01.jpg 270,216,183,190,1
./images/202003_511010064960_20200221_141304_51101_TN01.jpg 289,306,128,270,1
./images/202003_511010064978_20200221_141218_51101_TN01.jpg 304,254,196,218,1
./images/202003_511010064994_20200221_141107_51101_TN01.jpg 238,149,142,123,1
./images/202003_511010065012_20200221_140637_51101_TN01.jpg 225,312,120,280,1
./images/202003_511010065053_20200221_140504_51101_TN01.jpg 358,230,82,160,1
./images/202003_511010065061_20200221_140036_51101_TN01.jpg 245,307,38,261,1
./images/202003_511010065079_20200221_140009_51101_TN01.jpg 237,271,154,249,1
./images/202003_511010065087_20200221_135940_51101_TN01.jpg 306,279,231,261,1
./images/202003_511010065095_20200221_135836_51101_TN01.jpg 276,117,127,81,1
./images/202003_511010065109_20200221_135713_51101_TN01.jpg 215,124,127,100,1
./images/202003_511010065117_20200221_135236_51101_TN01.jpg 307,504,162,471,1
./images/202003_511010065125_20200221_135004_51101_TN01.jpg 259,361,93,319,1
./images/202003_511010065133_20200221_134839_51101_TN01.jpg 335,305,124,243,1
./images/202003_511010065141_20200221_135625_51101_TN01.jpg 266,293,77,243,1
./images/202003_511010065158_20200221_134416_51101_TN01.jpg 225,203,135,180,1
./images/202003_511010065166_20200221_134359_51101_TN01.jpg 252,373,138,347,1
./images/202003_511010065174_20200221_134322_51101_TN01.jpg 205,276,44,234,1
./images/202003_511010065182_20200221_134216_51101_TN01.jpg 373,202,57,113,1
./images/202003_511010065190_20200221_133734_51101_TN01.jpg 295,300,94,252,1
./images/202003_511010065203_20200221_133634_51101_TN01.jpg 326,144,173,107,1
./images/202003_511010065229_20200221_133710_51101_TN01.jpg 236,135,174,117,1
./images/202003_511010065252_20200221_134011_51101_TN01.jpg 332,245,94,195,1
./images/202003_511010065260_20200221_134440_51101_TN01.jpg 219,263,146,248,1
./images/202003_511010065278_20200221_134511_51101_TN01.jpg 291,383,109,341,1
./images/202003_511010065286_20200221_134601_51101_TN01.jpg 298,330,68,282,1
./images/202003_511010065294_20200221_134625_51101_TN01.jpg 301,330,63,282,1
./images/202003_511010065308_20200221_135120_51101_TN01.jpg 312,312,115,260,1
./images/202003_511010065316_20200221_135143_51101_TN01.jpg 297,277,93,227,1
